261 1
684 1
1060 1
1389 1
1688 1
1950 1
2187 1
2397 1
2588 1
2749 1
2895 1
3027 1
3144 1
3243 1
3337 1
3412 1
3486 1
3543 1
3607 1
3659 1
3705 1
3743 1
3782 1
3816 1
3842 1
3870 1
3897 1
3915 1
3939 1
3954 1
3964 1
3977 1
3992 1
3998 1
4009 1
4019 1
4022 1
4031 1
4037 1
4045 1
4047 1
4051 1
4056 1
4058 1
4068 1
4067 1
4071 1
4072 1
4070 1
4078 1
3834 0
3406 0
3028 0
2690 0
2390 0
2128 0
1896 0
1689 0
1503 0
1342 0
1193 0
1067 0
952 0
855 0
765 0
688 0
614 0
549 0
492 0
438 0
389 0
349 0
316 0
283 0
251 0
228 0
206 0
183 0
164 0
150 0
136 0
121 0
109 0
101 0
87 0
80 0
73 0
64 0
62 0
51 0
46 0
42 0
39 0
35 0
32 0
31 0
31 0
25 0
24 0
23 0
259 1
675 1
1066 1
1397 1
1690 1
1956 1
2190 1
2397 1
2585 1
2746 1
2894 1
3023 1
3140 1
3245 1
3331 1
3415 1
3485 1
3551 1
3609 1
3664 1
3709 1
3746 1
3782 1
3818 1
3842 1
3871 1
3895 1
3913 1
3935 1
3951 1
3964 1
3974 1
3990 1
3999 1
4004 1
4023 1
4028 1
4033 1
4038 1
4048 1
4052 1
4053 1
4053 1
4062 1
4068 1
4066 1
4067 1
4069 1
4065 1
4073 1
3831 0
3398 0
3026 0
2691 0
2395 0
2133 0
1901 0
1688 0
1506 0
1345 0
1199 0
1070 0
954 0
854 0
762 0
682 0
606 0
545 0
488 0
435 0
395 0
352 0
320 0
288 0
256 0
230 0
208 0
183 0
163 0
148 0
133 0
122 0
108 0
95 0
85 0
76 0
70 0
64 0
60 0
54 0
50 0
47 0
44 0
37 0
34 0
30 0
30 0
28 0
22 0
19 0
256 1
683 1
1057 1
1397 1
1688 1
1955 1
2191 1
2398 1
2575 1
2748 1
2899 1
3028 1
3142 1
3244 1
3340 1
3416 1
3487 1
3547 1
3608 1
3665 1
3700 1
3746 1
3779 1
3811 1
3847 1
3877 1
3895 1
3915 1
3933 1
3950 1
3967 1
3977 1
3989 1
3999 1
4004 1
4016 1
4023 1
4027 1
4036 1
4043 1
4052 1
4056 1
4058 1
4061 1
4063 1
4065 1
4074 1
4074 1
4073 1
4075 1
3833 0
3405 0
3027 0
2689 0
2394 0
2130 0
1891 0
1687 0
1507 0
1343 0
1195 0
1067 0
954 0
854 0
763 0
680 0
613 0
549 0
491 0
436 0
391 0
351 0
317 0
283 0
254 0
228 0
205 0
182 0
164 0
146 0
138 0
120 0
110 0
99 0
89 0
81 0
75 0
66 0
59 0
55 0
49 0
45 0
38 0
36 0
32 0
28 0
29 0
26 0
22 0
24 0
260 1
685 1
1061 1
1398 1
1688 1
1959 1
2191 1
2397 1
2587 1
2744 1
2895 1
3033 1
3141 1
3236 1
3333 1
3415 1
3491 1
3554 1
3614 1
3666 1
3704 1
3747 1
3785 1
3821 1
3848 1
3872 1
3892 1
3917 1
3934 1
3948 1
3963 1
3973 1
3989 1
3998 1
4009 1
4022 1
4027 1
4031 1
4045 1
4047 1
4053 1
4051 1
4058 1
4061 1
4065 1
4065 1
4068 1
4073 1
4070 1
4075 1
3835 0
3403 0
3025 0
2695 0
2392 0
2128 0
1893 0
1688 0
1516 0
1345 0
1199 0
1068 0
953 0
853 0
763 0
682 0
607 0
548 0
489 0
440 0
396 0
349 0
313 0
284 0
252 0
229 0
208 0
186 0
169 0
149 0
134 0
117 0
109 0
96 0
88 0
80 0
69 0
66 0
59 0
51 0
48 0
46 0
45 0
39 0
27 0
32 0
30 0
24 0
21 0
20 0